Very Low: 0.663065 15.6626
Low: 0.727898 7.17113
Medium: 0.720039 3.54637
High: 0.708251 2.89292
Original: 0.70334 2.17139
