Very Low: 0.978389 0.101516
Low: 0.976424 0.123666
Medium: 0.989195 0.0666918
High: 0.988212 0.0773113
Original: 0.977407 0.11565
